9781623420024
9781405910217
9780192839770
9780451226259
9780451228666
9780679725169
9781442429987
9781421501680
9780446677387
9780060724696
9780316056632
9780805063899
9780142437308
9780553562736
9781595143204
9781401359799
9780345363138
9780765348272
9780060835774
9780374191481
9780991709403
9780345434807
9780552998765
9781499227291
9781250006332
9780743298858
9780143036258
9780451529695
9782253147695
9780439023498
9780142401774
9780553265958
9780316133975
9780143039839
9780684826806
9780140236668
9780805094596
9780060012380
9780991055449
9780060590161
9780192835147
9780374529536
9780142500477
9780425226926
9780062002327
9781416971702
9781577314806
9780375825446
9781456325633
9780765343260
9780062014535
9780316954990
9780751507959
9781841493138
9780345368584
9780140447897
9788433968678
9780316766944
9780061974557
9780679743620
9781416971733
9780061020643
9780006479901
9780316228534
9780810993136
9780525951650
9780553271362
9780439785969
9780061779817
9780743457903
9780425201398
9780061720819
9780385732567
9780312304355
9781423121312
9780439064866
9781440140747
9780345469014
9780517092910
9780515134452
9780375700811
9780446696517
9780525945567
9780743289412
9780525949947
9781564781819
9780439321600
9780738710181
9780007162499
9780375757181
9780446698467
9780399254123
9780684843780
9780307341549
9780375714573
9780140050936
9780140434781
9780060512637
9781551111728
9780671742515
9781582349060
9780609807255
9780062237422
9780679723059
9781423102267
9780451526571
9780553280517
9780743464116
9781423118237
9780525423287
9780380714759
9780192833723
9780446545242
9780743418171
9780192840509
9780141026282
9780803733565
9780545224901
9781423102281
9782266079990
9780156262248
9780553380644
9780553582918
9780060755867
9780884944447
9780099448471
9781857231588
9780515141429
9780312984830
9780140448078
9780451526755
9780312364083
9780060278250
9780345338549
9780345409461
9780553381641
9780061783180
9781442402003
9780156027601
9780670021451
9781416953579
9781400052172
9780312861872
9780812576399
9780385333870
9780140447576
9780552152679
9780441015832
9780743272490
9780312199432
9780486275482
9781481200578
9780439321617
9780060725112
9780679744474
9781939383655
9780743496742
9780861661411
9780061668067
9780385339605
9780007158508
9781606410424
9781416940906
9780061177583
9780451187840
9780553382617
9780060393496
9780385732536
9780571139613
9780671250676
9780679800033
9780393316049
9789504915249
9780393960426
9780061974588
9780618249060
9780141439969
9780765350374
9780142401750
9789799731234
9780064400565
9780140187724
9781423116394
9780060264802
9780515134506
9780822219002
9781439153666
9781590388983
9780765308702
9780006178736
9780312992422
9780385495226
9781591826033
9780142401651
9780007263493
9780553817065
9780439249546
9780064408677
9780060513092
9781937085735
9781841954318
9780099471370
9780618260300
9780340893609
9780743457262
9780983157229
9780007157167
9780425212868
9780394757681
9780679734772
9780765326362
9780751503890
9780374266516
9780836204384
9780141186351
9780316905718
9780812968972
9780151010264
9780486272634
9780807083697
9780312593551
9780345525543
9780330491235
9780451457769
9781416524298
9780670023486
9780140436228
9780375761140
9780525478119
9780743297318
9780152053109
9780679767800
9780141439624
9780440234746
9780375913754
9780060741877
9780811202152
9780425194850
9780553381351
9780061474095
9780743477154
9780061043499
9781416903437
9781490303345
9780786818617
9780553241600
9780307290465
9780451528711
9780446678452
9780061449093
9780553575385
9780140449235
9780670072811
9780671024239
9780399244551
9780553381658
9780525444442
9780545044257
9780099416425
9780345455680
9780316123525
9780321107213
9781416530718
9780141318301
9780061583223
9780786836543
9781606412381
9780375708732
9780515138818
9780099446729
9780316548182
9780804111096
9781416954170
9780316113663
9783401063485
9780061783197
9781842431290
9781847386823
9781451681734
9780743296434
9780425209066
9780330418362
9781573223324
9780061449062
9780571169344
9780060824976
9780684856476
9781416590644
9780394574752
9781420100969
9780060832810
9780060734084
9780060572976
9780061177590
9788466302944
9780786891085
9780345484260
9780007127740
9780312857066
9780679781493
9780316033664
9780060955229
9780064401746
9780060827885
9780345419637
9780778325345
9780679777434
9780375828782
9780807059098
9781400063734
9780525423669
9780373802494
9781937819903
9781451648539
9780684843322
9780848809973
9780451528162
9781301627448
9780425192030
9780061433016
9780061020667
9781402784040
9780141182346
9780553582468
9780140089226
9781416571735
9780007148981
9780684804521
9780763600136
9780375833649
9780985343460
9780988936447
9781893007178
9780440226680
9780763631628
9781937053147
9780064410168
9780061284472
9780316033657
9780553383683
9780670037773
9780805080483
9780385342063
9780060822552
9780553379334
9780802135223
9780439206488
9780061720857
9781416990659
9780060572990
9780373210039
9780006498858
9780140436112
9780345418975
9780099448761
9780553288209
9780812513752
9781416983088
9781905432455
9781400044160
9782226131904
9780439023511
9780312367466
9781409521969
9781570089268
9780399244575
9780849900419
9782253140870
9780140272383
9780060987527
9781585425648
9780385342025
9780553589382
9780307352149
9780316055437
9781741661286
9780143039594
9781609419691
9780312987855
9780765317506
9780439968089
9780061659225
9780575075061
9780060085490
9780072434170
9781559352758
9780060748159
9781559360616
9780020425656
9780974607801
9780316058254
9780786915880
9780786915743
9780440235590
9780140449105
9780786851478
9780373210268
9780440229124
9780330369954
9780553803730
9781400077809
9780756402693
9780330448444
9780679728894
9780375759314
9780684818863
9780061449123
9780316084239
9781580495769
9780061449154
9780553589399
9780345466396
9780143039167
9780688161125
9780312662752
9780425170342
9780689862205
9781591169208
9784770019578
9781476730103
9780141009827
9780967673745
9780060575809
9780486431680
9780778324218
9780451229731
9781594631764
9780786849567
9780316159418
9780425204665
9781423321675
9780140238280
9780751532715
9781423147947
9780802133908
9781841493145
9780449016190
9783401063478
9780141023427
9781606840597
9780312291631
9780375708763
9781416509875
9780582461505
9780449208137
9780446692632
9780140150742
9780618619160
9780060088873
9780316126113
9780099448570
9781409218180
9780061020612
9780061020704
9780689867040
9780141181738
9781400096275
9780553575651
9780312424091
9781434432087
9780061558238
9780316010665
9780451528353
9780151189786
9780671728687
9780385735292
9780812967258
9780060566210
9780515133875
9780061120053
9780375718946
9780575066892
9780679417378
9781416552512
9780425183236
9780060593087
9780451947635
9781582349015
9780786849079
9780061668098
9780316014779
9780007208005
9780930289454
9780061031328
9780425205679
9780552154222
9780679733737
9781594487583
9780099490579
9780060577315
9789725681367
9780842313070
9780192838629
9781841959115
9780545284134
9781585678754
9781843913726
9780758216427
9780765325945
9781419701221
9780689849107
9780061053566
9780451529459
9780140443332
9780143036661
9780743289689
9781590171998
9780385528771
9780826328090
9781416516934
9780451230645
9780876120835
9781481003926
9780590452038
9780140065176
9780385733977
9780312642976
9780385742375
9780743226721
9780345379061
9780557364633
9780446402392
9780965476027
9780446546935
9780062012012
9780786868728
9780060594527
9781933480091
9780060541439
9780877478973
9780345418777
9780451231611
9780060748128
9780224094153
9780060541811
9780805210552
9780060728274
9780451528520
9780449912447
9780385742887
9781433502415
9780316101844
9780679889175
9780385737630
9780141321318
9781585161782
9780670062270
9780316041447
9780765328656
9781416589648
9780060519537
9780515134476
9780451225009
9780451226815
9781930900240
9780345487131
9780385313872
9780399244568
9780140382624
9781405204262
9781567313451
9780007251865
9781878424501
9780316122382
9780872205543
9780925776259
9780061159176
9780441012688
9781934169575
9781439123126
9780545060394
9780446520591
9780552154161
9780099271499
9781842430347
9780553578522
9780786939534
9780441328093
9780385342308
9780425201442
9781451533965
9780749080976
9780066211312
9780375757914
9780440244448
9780670021482
9781401210823
9780486282220
9780375724831
9780060525590
9780312599072
9780007230204
9780061783166
9780393308808
9780060855901
9780316057806
9780316025058
9781400033836
9781423118244
9780810994737
9780441104024
9780441020423
9780767903868
9780876850862
9781595143426
9780142401767
9780553212419
9780743437318
9780670020553
9780517072455
9781442408920
9780571144563
9780307582393
9780345298348
9781606840573
9781480236295
9781937053536
9780992382001
9780983212546
9780060788193
9780449912454
9780060007768
9781453885932
9781423157519
9780786839179
9781563891373
9780060725136
9781857232097
9781423146735
9780441017836
9781555974701
9780449912423
9781857231359
9780399254833
9780399256127
9780345497512
9781408846407
9780679752455
9780991686001
9780803736993
9780345382849
9781497465145
9782020418775
9780439771276
9781585678440
9780803734739
9780978970765
9780765348807
9780060887186
9780312156961
9780425233368
9781416978930
9780767905183
9781741662092
9780060525613
9780375706868
9780060931407
9780099498599
9780553805499
9781423121329
9780553296983
9780152063849
9780194232159
9781599900575
9780842339520
9780385905169
9780785263708
9780345326492
9780312966201
9780307237699
9780743234412
9780886773526
9781416950073
9781595143983
9780142000700
9780143145547
9780743270755
9781857988093
9780671729479
9780752876870
9781423111443
9781933626048
9780758216434
9780446612739
9780440228004
9780345457370
9780618492398
9789707704664
9780345485595
9780446607209
9780064408639
9780142003169
9780413771162
9780743264730
9780452282827
9780375701962
9780547628349
9780140115857
9780618084746
9781741663013
9780575070530
9780879514259
9780345348654
9780060751647
9780316081054
9781479304141
9780140440393
9780060725143
9780393050325
9781594481444
9780140389661
9780142401118
9781573227957
9781876175702
9780812551471
9780312144074
9780061778940
9781568650548
9780545040525
9780670076086
9780552153256
9780749394820
9780156031196
9780316067591
9780679724513
9780425201374
9780373772322
9780060567231
9780765304742
9780441172696
9780060725129
9780747532033
9788183860697
9780575077836
9780439771344
9780804844390
9780446617581
9781476760759
9780582418172
9780345494993
9781478162155
9780373210695
9780006551812
9780385736848
9780140432350
9780393307054
9780440243908
9780062072061
9780676979343
9781581345278
9780061869709
9780525952923
9781416978954
9780062071040
9780593053898
9780345505330
9780553820270
9780575073609
9780061671333
9780393327656
9781594201455
9780312590987
9780679767923
9780141383354
9780886778583
9781741661347
9780007133611
9780743495660
9781400078431
9780679729778
9781891830433
9780812972122
9780141181363
9780439286060
9780988223677
9780060933166
9780152050856
9781423163008
9780486290720
9780552150217
9780441017386
9780451194008
9780156106801
9780451228215
9780060858797
9780553804683
9780061147937
9780345341679
9780141185507
9781563894695
9780099297703
9780440212812
9780060841829
9780064410137
9780142422052
9780307592835
9783522144100
9789871144266
9780316735698
9780345457691
9781423108368
9788423648993
9780394758275
9780767900386
9780140447606
9780758232014
9780812969641
9781400095414
9780061051586
9780140317206
9781300589464
9780060012342
9780451233189
9780006486015
9781423110705
9780765345011
9781416509882
9780061006623
9780689872372
9780385344227
9780312650087
9780062048509
9781844080410
9780988393509
9780060576172
9781905654871
9780765319852
9780553826104
9780385738590
9780061449185
9781741664485
9780064407335
9781416594857
9780307266309
9780451190758
9780060525859
9781453717028
9780226743400
9780140446043
9780553585971
9780679882817
9780575058088
9780062003935
9780060525637
9780060750862
9781557091550
9788467550030
9780064410151
9780691017846
9780446401036
9780987434852
9780140093148
9780553819878
9780312656270
9780886777630
9780061119064
9780060562519
9780553213188
9780060885427
9781937044961
9781416908173
9781402798436
9780140233131
9780425266519
9781401322786
9780375814259
9780571207763
9780140439076
9780810984912
9780440401582
9780061138010
9780451460912
9780689846236
9780552152945
9780395957752
9780060788384
9780689877797
9780440060673
9781741663020
9780440415800
9780684859231
9780152052218
9781585673698
9780679774020
9780735102866
9780670063116
9781401308667
9780836220889
9780060590314
9780778313076
9780451233325
9780061670855
9780553214321
9780679725220
9780440406945
9781904442486
9780062515674
9780684815008
9780440244509
9780345481283
9780060288143
9781596912854
9780312369507
9781600964336
9780060931933
9781563899805
9780812515282
9780743246071
9780743275019
9780545284103
9780316123532
9780758232007
9780099366713
9781400065455
9780061345661
9780064410144
9781402244421
9780689848919
9780446611237
9787119005904
9780140441765
9780141185910
9780385333504
9780671005177
9780679644194
9781400031009
9780451217424
9780802136688
9781405258210
9780743451505
9781461072515
9780061161643
9780061797026
9780812577563
9780836218053
9780062509598
9780064407687
9781416935865
9780307595867
9781937053574
9781423104872
9780689878572
9780452274426
9789770915349
9780385733588
9781937085766
9780751531183
9780060527990
9781419704284
9780060525651
9780618640157
9780330353823
9780006174431
9780451456731
9781596435698
9781405206129
9780451239358
9780689878565
9780061129735
9780316075558
9788466309158
9780156005203
9780061015724
9780375703058
9780375700521
9781439152782
9780812551495
9781582406725
9781567921892
9780521618748
9780778327400
9780979528538
9780805079838
9780312351625
9780679734468
9780670026630
9780140100181
9780425198681
9780449004838
9780195288803
9780143104889
9780547959108
9781590384114
9780553589498
9781400078370
9780553807219
9780755309511
9780670012947
9780679761044
9780345479723
9781857983418
9780670019632
9781416950097
9781250003324
9780385521727
9781841497976
9780060733353
9780060566227
9780446547659
9780517405093
9780553296129
9780571217359
9780753819920
9780552552646
9780060958022
9780679733782
9782264022448
9780345490650
9780440244493
9780316156295
9780575082458
9780064401487
9781416903444
9780345478160
9780060837648
9781465341884
9780439272636
9780451458926
9780452287891
9781401207526
9780061935107
9780805211061
9780451235848
9781442423688
9780743454551
9780060765248
9780140187267
9781903809501
9780312934330
9780486282084
9780060890315
9780385737425
9781602862241
9780375727016
9781908208163
9780679731214
9780142412145
9781405034142
9781452440026
9780316777735
9780374529604
9780345376596
9781937053161
9780879237516
9780747549925
9780553268928
9781594743344
9780749748012
9780486414232
9780345476098
9780156948777
9780807508527
9780345521309
9780375814686
9781595142528
9781939045010
9780374530631
9780380782338
9780425181102
9780805076684
9781599901190
9780743474160
9780140086836
9780679738954
9784770020673
9780679736639
9780375760396
9780575077904
9780446612548
9781599901671
9780345396686
9780140443158
9780316037884
9781409522010
9780140178210
9780156031660
9780393310320
9780099575511
9781429981927
9780679736394
9780679729914
9780385340540
9780345529053
9780374214913
9780192732132
9780778326816
978145208533
9780192123091
9780156031134
9780446694858
9780060093365
9780446679084
9780752860558
9780743296410
9780547371481
9780440238034
9780743482851
9781595142900
9780394711829
9780375832994
9780385333474
9780312649913
9781849231848
9780451227935
9780571215164
9781780484259
9781476727653
9780875793269
9780385418959
9789707311169
9780140436037
9780060177249
9780451460707
9780060788704
9780743468404
9781416903376
9780375702709
9780525951988
9780060744519
9780553582451
9780679722311
9780385333764
9780765325952
9780525951117
9780142437889
9780679728740
9780679777489
9780060512743
9781416530732
9780759529434
9780689860072
9780767904421
9781937053413
9789793062792
9780486455594
9780061671357
9780449911655
9780803733060
9780060887339
9780545132053
9780785729198
9780446401050
9789770919408
9780330519472
9780316068048
9780224085618
9780062265944
9780399142789
9780752224411
9780679766759
9780886773786
9780099282198
9780345371980
9781400062089
9781423128199
9780141184593
9780140449082
9780689878589
9781595143921
9780345422408
9780671027315
9780802150592
9780062049803
9780061974618
9780060733490
9780307341563
9780060987329
9780521657297
9780099478423
9780330349420
9780451234872
9780140424522
9780805057911
9780007149827
9781416995586
9780786851713
9781573225120
9781402205217
9780385735353
9780062001030
9780373778294
9780312966096
9780316035927
9780060856267
9780375866593
9780061131646
9780743255066
9780811214131
9780553233704
9780440217497
9780142002025
9780316201575
9781841956725
9780425218426
9780312875046
9780231073370
9780451218469
9781573227889
9780743236010
9780345501035
9780316016650
9780450524684
9781860466410
9780316132909
9780061129766
9780802142443
9780671721046
9780515142815
9780545060462
9781439102763
9780375828256
9780679725312
9780062117182
9780385152136
9781841497761
9780615417172
9780451188465
9780340640142
9780395137192
9781423340416
9780061582479
9780809599813
9780722536544
9780330488907
9780373210589
9780345443601
9781599903422
9781400049622
9781400032815
9780552152167
9781463406233
9781616086732
9781457511110
9781500266738
9780345464019
9780441017775
9780060931728
9780425213971
9780451418333
9780440246114
9780152020682
9780765354945
9780307277886
9780671540661
9780006512660
9780451458124
9781461012283
9780373210633
9780553803723
9781475124514
9780060932145
9780316040099
9780679723226
9780810970687
9780140447538
9780061144837
9780380727506
9780451460936
9780786888764
9780147717795
9781563890352
9780060531829
9780375829871
9780452285934
9781590521359
9780060885403
9780439120425
9780307592736
9780062285683
9780060744571
9781595140838
9781608623747
9780812565959
9780553575422
9780441004010
9781849013765
9780062300805
9780380710812
9780575081567
9780876852637
9780451205360
9780385731058
9780842314299
9780312868864
9780062004048
9780747267638
9781569319017
9780809510832
9781416983248
9780785289081
9781401340902
9780064410120
9780439295789
9780375701290
9780876859261
9780062012036
9780375704772
9781491007754
9780316955102
9781421525815
9780451167804
9781595143211
9780751504385
9780723247708
9780743484879
9781937929954
9781416949657
9780446407410
9780439656245
9780439324595
9788497593885
9780316058438
9780738703916
9781461052142
9781907411212
9780316187718
9780553299618
9780060887391
9780778325642
9780140437423
9781482348736
9780385338707
9780679724629
9781563892264
9780312992439
9780156421171
9780316734837
9780061240881
9780310226055
9780393924763
9780451463173
9780679781486
9780316123358
9780439680097
9780751552614
9780374349462
9780553328295
9780060842352
9781888963144
9780192833983
9780609807903
9780312624682
9780553384031
9781423147954
9780767919364
9780060827625
9780440442509
9780441001866
9780061992704
9781442402324
9780316206846
9780060815707
9780446699488
9780141439860
9780451458445
9780060507770
9781416521693
9780440237556
9781423144335
9780330371230
9780060734190
9780965904834
9780312335281
9781423108764
9780099498575
9780316010702
9780141439730
9780425217245
9781400079292
9780545142991
9780099592419
9780061015731
9780441018239
9781423165996
9780064472791
9780375835315
9780375407932
9780007302147