9781401303273
9780786818594
9780451222725
9780399256769
9780802720863
9780760728505
9780060874162
9780143039969
9781402784033
9781844082933
9781846247194
9781594489587
9780963192547
9780385339698
9780743455961
9780679776819
9781573225786
9780684844770
9780394709307
9780373210138
9781848764569
9781400034208
9780545259088
9781842323007
9780425266748
9780553381665
9781416974512
9780739418376
9780060957902
9781423113492
9781595143198
9780394800202
9780316002899
9781581345285
9790007672386
9780385334143
9780060887308
9780142437148
9780446579926
9780061583216
9780553213294
9780062011992
9780061284205
9780441016150
9781406914832
9780385339162
9780312422271
9780340818671
9780553813951
9780586217832