9780001000391
9780006480099
9780006513223
9780007173044
9780007202324
9780007205233
9780007442911
9780007524273
9780060513061
9780060529703
9780060529963
9780060557812
9780060584757
9780060739492
9780060759957
9780060764890
9780060764906
9780060775858
9780060786502
9780060809249
9780060837563
9780060838720
9780060853983
9780060885373
9780060987107
9780061120077
9780061125270
9780061142024
9780061148514
9780061150142
9780061214653
9780061245084
9780061374227
9780061448768
9780061662690
9780061668036
9780061726835
9780062023179
9780062085481
9780064400022
9780064405041
9780064410342
9780064471831
9780099428640
9780099446781
9780099465898
9780099471424
9780099578512
9780140042597
9780140120837
9780140143508
9780140259445
9780140280098
9780140282580
9780140285604
9780140348934
9780140424386
9780140424393
9780140439441
9780140449143
9780140449266
9780140620191
9780140621679
9780141000183
9780141014081
9780141185262
9780141310886
9780141311371
9780141382890
9780141439471
9780141439594
9780141439617
9780141439655
9780141439808
9780141439839
9780142000687
9780142000694
9780142001745
9780142001806
9780142401200
9780142402498
9780142402511
9780142403884
9780142406250
9780142414934
9780142437018
9780142437230
9780142437261
9780142437339
9780142437346
9780142437803
9780142437964
9780143034902
9780143037149
9780143038092
9780143038412
9780143039099
9780143039563
9780143039617
9780147712554
9780151009985
9780152058104
9780152063962
9780156001311
9780156004800
9780156007757
9780156012195
9780156030304
9780156032971
9780192833594
9780192835086
9780192839992
9780192840394
9780198320272
9780241003008
9780307265432
9780307269980
9780307269997
9780307276902
9780307346605
9780307346667
9780307348135
9780307887436
9780310241638
9780312151256
9780312181109
9780312282998
9780312305062
9780312330873
9780312360269
9780312360283
9780312360306
9780312362157
9780312370831
9780312379827
9780312379834
9780312422158
9780312532758
9780312641894
9780312865047
9780312965785
9780316003728
9780316042673
9780316098335
9780316134026
9780316155595
9780316182546
9780316184137
9780316296199
9780316323703
9780316341516
9780316767729
9780316769020
9780316921176
9780316926348
9780340606513
9780340837948
9780340896969
9780345348104
9780345350497
9780345404473
9780345410054
9780345453747
9780345465085
9780345476876
9780345476883
9780345803504
9780345915597
9780349113913
9780373210084
9780374480097
9780374528379
9780375408267
9780375414497
9780375507250
9780375508325
9780375508417
9780375713347
9780375725784
9780375727344
9780375757327
9780375759239
9780375806810
9780375814242
9780375826696
9780375826726
9780375829130
9780375840401
9780380002559
9780380018178
9780380395866
9780380508563
9780380813810
9780385074070
9780385199575
9780385334204
9780385335973
9780385335980
9780385335997
9780385340991
9780385341677
9780385474542
9780385486804
9780385490818
9780385504225
9780385524940
9780385534635
9780385721790
9780385732550
9780385737944
9780385738934
9780385739146
9780385751063
9780393312836
9780393320978
9780393328622
9780393338072
9780393974997
9780394800011
9780394820378
9780395389492
9780399256752
9780425197547
9780425200452
9780425263907
9780435233075
9780439236195
9780439244190
9780439366779
9780439488402
9780439709101
9780439861366
9780440178002
9780440227533
9780440238157
9780440238607
9780440242949
9780440439882
9780441008537
9780441012183
9780441017157
9780441569595
9780441627400
9780441783588
9780441788385
9780446364492
9780446528054
9780446547567
9780446615860
9780446617796
9780446672214
9780449213445
9780450031069
9780450040184
9780450417399
9780451163967
9780451169518
9780451171351
9780451205766
9780451218049
9780451450524
9780451527882
9780451528018
9780451528551
9780451528926
9780451528957
9780451529176
9780451529305
9780451529558
9780451529756
9780451530172
9780451933027
9780452011878
9780452284692
9780452287020
9780452287068
9780486223056
9780486266893
9780517053614
9780525421030
9780525457589
9780525467564
9780525950073
9780545123266
9780545265355
9780552151696
9780552992091
9780552995870
9780553119220
9780553208849
9780553212280
9780553213140
9780553213485
9780553213690
9780553256697
9780553258479
9780553278224
9780553279375
9780553328257
9780553381344
9780553381672
9780553381696
9780553383041
9780553383805
9780553573428
9780553582024
9780553588484
9780553803709
9780553803716
9780553816716
9780571224388
9780571225385
9780582418271
9780590032490
9780590920681
9780615770598
9780618101368
9780618346257
9780618391110
9780618680009
9780618711659
9780670022410
9780670061051
9780671021009
9780671683900
9780671727796
9780679457312
9780679642428
9780679720218
9780679722762
9780679724346
9780679724773
9780679728757
9780679732761
9780679735779
9780679735908
9780679736370
9780679744399
9780679745587
9780679745655
9780679751526
9780679760801
9780679764021
9780679774389
9780679805274
9780679879244
9780679889106
9780684803357
9780684830490
9780689865381
9780689865398
9780689875342
9780739303405
9780739380338
9780739461198
9780740748479
9780743223133
9780743225427
9780743227445
9780743253970
9780743261951
9780743273565
9780743278904
9780743297332
9780743298025
9780743453257
9780743454537
9780743477543
9780743477550
9780743477567
9780743482752
9780743482769
9780743496315
9780743496728
9780747263746
9780747560593
9780747599876
9780751514629
9780751529814
9780751537284
9780753453803
9780753454947
9780756404079
9780756404734
9780763616052
9780765326263
9780765343437
9780765346520
9780765356154
9780767908184
9780771068713
9780785819110
9780786226740
9780786817870
9780786838653
9780786838929
9780786856862
9780786890750
9780802130204
9780802132758
9780802139252
9780802142849
9780802798220
9780803734616
9780805072457
9780806512815
9780807014295
9780811214049
9780812474947
9780812511819
9780812550757
9780812970067
9780822210894
9780842342704
9780920668375
9780930289232
9780937832387
9780964729230
9780965341981
9780975925515
9780975925591
9781250012579
9781400030651
9781400031702
9781400032716
9781400033416
9781400034680
9781400064168
9781400078776
9781400079278
9781401207922
9781401308582
9781401323257
9781406321340
9781406792393
9781416500186
9781416523710
9781416524304
9781416534730
9781416912040
9781416914631
9781416975861
9781416975885
9781416989417
9781416989431
9781416997856
9781420925432
9781423101468
9781423113386
9781423113393
9781423140597
9781423140603
9781442403543
9781442426641
9781442426672
9781451627282
9781554681723
9781557831576
9781558743663
9781573225519
9781576469231
9781580495806
9781582349909
9781582701707
9781583485095
9781590302255
9781590525135
9781593082642
9781594480003
9781594744761
9781595141750
9781595141972
9781595141989
9781595142504
9781595143174
9781612130293
9781612130583
9781620610077
9781840224023
9781842430224
9781857988840
9781857993288
9781859855423
9781884365300
9781892295491
9781905654581
9781920769208
9781933372600
9781936305629
