9780439023481
9780439358071
9780061120084
9780679783268
9780446675536
9780066238500
9780452284241
9780060256654
9780345391803
9780393978896
9780739326220
9780307277671
9780375831003
9780451527745
9780743477116
9780451525260
9780345538376
9780140283334
9780812550702
9780375751516
9780064410939
9780451528827
9780061122415
9780007491568
9780525478812
9780142000670
9780440498056
9780393970128
9780345418265
9780060929879
9780399155345
9780060531041
9780142437209
9780099408390
9780142437179
9780316166683
9781594489501
9780517189603
9781565125605
9780394800165
9780062024039
9781416914280
9780141439600
9780770430078
9780143039952
9780345803924
9780671027346
9780385333849
9780140385724
9780684833392
9780451207142
9780316769174
9780340839935
9780380395866
9780743273565
9780385199575
9780743454537
9780061120077
9780307265432
9780440242949
9780553208849
9780142437230
9780553816716
9780312422158
9780385074070
9780142437261
9780375806810
9780671683900
9780679760801
9781416989417
9780450040184
9780060529963
9780451205766
9780805072457
9780143038412
9780747263746
9780345453747
9780001000391
9780451169518
9780060987107
9780679805274
9781595142504
9780671021009
9781400033416
9780440238607
