9780439023481
9780439358071
9780316015844
9780061120084
9780679783268
9780446675536
9780066238500
9780452284241
9780060256654
9780345391803
9780393978896
9780739326220
9780307277671
9780375831003
9780451527745
9780743477116
9780451525260
9780345538376
9780140283334
9780812550702
9780375751516
9780143058144
9780064410939
9780451528827
9780061122415
9780007491568
9780525478812
9780142000670
9780440498056
9780393970128
9780345418265
9780060929879
9780399155345
9780060531041
9780142437209
9780099408390
9780142437179
9780316166683
9781594489501
9780517189603
9781565125605
9780394800165
9780062024039
9781416914280
9780141439600
9780770430078
9780143039952
9780345803924
9780671027346
9780385333849
9780140385724
9780684833392
9780451207142
9780316769174
9780340839935
9780380395866
9780743273565
9780385199575
9780743454537
9780141439471
9780192833594
9780061120077
9780192835086
9780007205233
9780451163967
9780385490818
9780307265432
9780061148514
9780316323703
9780060786502
9780671727796
9780393312836
9780156012195
9780374528379
9780553588484
9780440242949
9780452011878
9780786838653
9780553208849
9780142437230
9781594480003
9780552135399
9780307269751
9780312353766
9780142437247
9780141301068
9780553816716
9780451529305
9780385732550
9780679879244
9780345476876
9780312422158
9780142001745
9780684830490
9780385074070
9780525467564
9780140042597
9780143039563
9780618346257
9780142403884
9780241003008
9780571224388
9780751529814
9781557831576
9780142437261
9780375806810
9780671683900
9780679760801
9781416989417
9781401308582
9781400032716
9780375826696
9780450040184
9780394800011
9780143034902
9780156001311
9780060529963
9780679745587
9780156030304
9781416975861
9780553213690
9781595141972
9780451205766
9780930289232
9780312330873
9780393327342
9780679433132
9780061120060
9780449213940
9780446693806
9780439244190
9781595141750
9780380018178
9780060775858
9780805072457
9780143038412
9781595141989
9781416500186
9781400034680
9780007173044
9780385721790
9780747263746
9780679889106
9781580495806
9780140621679
9780140120837
9780141439594
9780345350497
9780142402511
9780345453747
9780001000391
9780451169518
9780143038092
9780739380338
9780756404079
9780007442911
9780743477543
9781892295491
9780743278904
9780140424386
9780394820378
9780553381672
9780345915597
9780679722762
9780192840394
9780060987107
9780743227445
9780060853983
9780679805274
9780099910107
9780439227148
9780141439747
9781595143068
9780517223628
9780439366779
9781595142504
9780440178002
9780307269980
9780802130204
9780385738934
9780753453803
9781423101468
9780060764890
9780140439441
9780743297332
9780671021009
9780786856862
9780618711659
9780340606513
9780545123266
9781400033416
9780452287020
9780142437339
9780440238607
9780553256697
9780141382890
9780142437018
9780739461198
9780312360269
9780525457589