9780439023481
9780439358071
9780316015844
9780061120084
9780679783268
9780446675536
9780066238500
9780452284241
9780060256654
9780345391803
9780393978896
9780739326220
9780307277671
9780375831003
9780451527745
9780743477116
9780451525260
9780345538376
9780140283334
9780812550702
9780375751516
9780143058144
9780064410939
9780451528827
9780061122415
9780007491568
9780525478812
9780142000670
9780440498056
9780393970128
9780345418265
9780060929879
9780399155345
9780060531041
9780142437209
9780099408390
9780142437179
9780316166683
9781594489501
9780517189603
9781565125605
9780394800165
9780062024039
9781416914280
9780141439600
9780770430078
9780143039952
9780345803924
9780671027346
9780385333849
9780140385724
9780684833392
9780451207142
9780316769174
9780340839935
9780380395866
9780743273565
9780385199575
9780743454537
9780141439471
9780192833594
9780061120077
9780192835086
9780007205233
9780451163967
9780385490818
9780307265432
9780061148514
9780316323703
9780060786502
9780671727796
9780393312836
9780156012195
9780374528379
9780553588484
9780440242949
9780452011878
9780786838653
9780553208849
9780142437230
9781594480003
9780552135399
9780307269751
9780312353766
9780142437247
9780141301068
9780553816716
9780451529305
9780385732550
9780679879244
9780345476876
9780312422158
9780142001745
9780684830490
9780385074070
9780525467564
9780140042597
9780143039563
9780618346257
9780142403884
9780241003008
9780571224388
9780751529814
9781557831576
9780142437261
9780375806810
9780671683900
9780679760801
9781416989417
9781401308582
9781400032716
9780375826696
9780450040184
9780394800011
9780143034902
9780156001311
9780060529963
9780679745587
9780156030304
9781416975861
9780553213690
9781595141972
9780451205766
9780930289232
9780312330873
9780393327342
9780679433132
9780061120060
9780449213940
9780446693806
9780439244190
9781595141750
9780380018178
9780060775858
9780805072457
9780143038412
9781595141989
9781416500186
9781400034680
9780007173044
9780385721790
9780747263746
9780679889106
9781580495806
9780140621679
9780140120837
9780141439594
9780345350497
9780142402511
9780345453747
9780001000391
9780451169518
9780143038092
9780739380338
9780756404079
9780007442911
9780743477543
9781892295491
9780743278904
9780140424386
9780394820378
9780553381672
9780345915597
9780679722762
9780192840394
9780060987107
9780743227445
9780060853983
9780679805274
9780099910107
9780439227148
9780141439747
9781595143068
9780517223628
9780439366779
9781595142504
9780440178002
9780307269980
9780802130204
9780385738934
9780753453803
9781423101468
9780060764890
9780140439441
9780743297332
9780671021009
9780786856862
9780618711659
9780340606513
9780545123266
9781400033416
9780452287020
9780142437339
9780440238607
9780553256697
9780141382890
9780142437018
9780739461198
9780312360269
9780525457589
9781612130293
9780140285604
9780143039099
9780689865381
9780380002559
9780062023179
9780307346667
9780679457312
9780060513061
9780964729230
9780553573428
9780807014295
9780965341981
9780060987565
9781595141712
9780679785897
9780679732242
9780440174646
9780380813810
9780590920681
9780618391110
9780156007757
9780440439882
9780441627400
9780099428640
9780099446781
9780316182546
9780060809249
9780307348135
9780441788385
9780751537284
9780385340991
9780684803357
9780425200452
9780545265355
9780743477550
9780147712554
9780140449266
9780743298025
9780345476883
9780740748479
9780743482769
9780553383805
9781416523710
9780751514629
9780375814242
9780385751063
9781442403543
9780140424393
9781840224023
9780486266893
9781423113393
9780679732761
9780312965785
9780786226740
9780385486804
9780061726835
9780691096124
9780543898081
9780553381542
9780767902892
9780689841583
9780375829130
9780345410054
9780679736370
9780553381696
9780679642428
9780141310886
9780441008537
9780316769020
9780307269997
9780753454947
9780450417399
9781416975885
9780060838720
9780517053614
9781406321340
9780975925591
9780060557812
9780439709101
9780152063962
9780385737944
9780553803716
9780142437346
9780451529176
9780802142849
9781857993288
9780060764906
9780140280098
9780064410342
9780767908184
9780375508417
9780385474542
9780151009985
9780140259445
9780451528551
9780451933027
9780743253970
9780312282998
9781554681723
9780446528054
9780385338608
9780375704024
9780060589462
9780141439495
9780451216953
9781400031702
9780312532758
9781583485095
9780553212280
9781416914631
9781416989431
9781401207922
9780771068713
9780590032490
9780316042673
9780141439808
9780375840401
9781612130583
9780385534635
9780393320978
9780061142024
9780440227533
9780920668375
9781400079278
9781400078776
9780375826726
9780374480097
9780451528018
9781423140597
9780446547567
9780582418271
9780439488402
9780446617796
9780679724346
9780552995870
9780099578512
9780440238157
9780452284692
9780553328257
9780345404473
9780439236195
9780743225427
9780679774389
9780679745655
9780439228909
9780060530921
9781442416864
9780812968064
9780679879251
9780785819110
9780812970067
9780385334204
9780385335973
9780435233075
9780312360283
9780822210894
9781573225519
9780312379834
9780345803504
9781558743663
9780553213485
9780375408267
9781400030651
9780812511819
9780142414934
9781576469231
9780141014081
9780449213445
9780743496728
9780312360306
9780679735779
9780679751526
9780937832387
9780975925515
9780756404734
9780450031069
9780060759957
9780765356154
9780375757327
9780553278224
9780451527882
9780679720218
9780316921176
9780679764021
9780747560593
9780393974997
9780140282580
9781423140603
9781593081430
9780451219367
9780062059932
9780143038252
9780525423645
9780571225385
9780375507250
9780060529703
9780142000694
9781590525135
9781884365300
9780786817870
9780141311371
9780192839992
9780441569595
9780349113913
9780316003728
9780739303405
9780007524273
9780679728757
9781406792393
9780743496315
9780525421030
9780747599876
9780385739146
9780061125270
9780316926348
9781859855423
9780099471424
9780316098335
9781420925432
9781620610077
9781920769208
9780399256752
9780806512815
9780007202324
9780441012183
9781593082642
9780312379827
9780689875342
9780618680009
9780141439839
9780679724773
9780316184137
9780143037613
9780001713222
9780553380958
9780553375404
9780061007224
9780743261951
9780553582024
9780142000687
9780143039617
9780670061051
9780385335997
9780802798220
9780451530172
9780140449143
9780141000183
9780142406250
9780312181109
9780373210084
9780812474947
9780061245084
9780553803709
9780061662690
9780765346520
9780061214653
9780811214049
9780316767729
9781582349909
9780141439617
9780142402498
9780802139252
9781416997856
9780156004800
9780385504225
9780618101368
9781401323257
9780006513223
9780395389492
9781595143174
9780312362157
9780312305062
9780451528926
9780380508563
9780307346605
9780062085481
9780441013814
9780743482776
9780765311788
9780385494786
9781301949823
9780142437964
9780316341516
9780312370831
9780198320272
9781442426641
9780425263907
9780439861366
9780140620191
9780842342704
9781905654581
9780316134026
9780312865047
9780451218049
9780689865398
9781416912040
9780142001806
9780451528957
9780141439655
9780060885373
9780765326263
9780143037149
9780385335980
9780375727344
9780812550757
9781400064168
9780679735908
9780312641894
9780393328622
9780802132758
9780525950073
9780064400022
9780345348104
9780553279375
9780670022410
9781451627282
9781416524304
9780743223133
9780061448768
9781423113386
9780743477567
9780345419620
9780451219947
9780061969553
9780060959036
9780375507779
9780375414497
9780743482752
9780553213140
9780375759239
9780345465085
9780451529558
9780064405041
9780451450524
9780142401200
9780156032971
9780786890750
9780064471831
9780316296199
9780385341677
9780375725784
9781582701707
9780060837563
9780060838652
9781842430354
9780375706677
9780385339155
9780553418354
9780385340397
9780812972146
9781594200823
9781860498800
9780752864327
9783518367063
9780007202300
9781841493015
9780765326355
9780486298573
9780778324331
9780061139376
9780446676076
9781841493008
9780374529529
9780451222350
9780380017607
9781406310252
9780394724553
9780399231902
9780451457998
9780140169300
9781400034772
9781416524342
9780061726811
9780545123280
9780061124297
9780517222850
9780440221661
9780553283686
9780143039983
9780143039945
9780440241416
9781841156736
9780452281257
9780141439631
9780679729525
9780394758282
9781400031047
9780872863101
9780385312585
9780765342409
9780618485222
9780812976144
9780552154307
9781423146728
9780451412355
9780061120664
9780486452432
9780441014910
9780413757104
9780441007318
9781599900735
9781423100034
9780744583274
9780689878558
9780967686561
9780312362089
9780449912553
9781416974505
9780689865404
9780451225856
9780486424545
9781905654949
9780553213874
9781841497129
9781580495936
9780060892999
9780061234002
9780060512804
9780385721677
9780099427865
9780140436587
9780061662768
9780061124266
9780679732181
9780375856112
9780060987510
9780689865190
9781599906959
9780441014941
9780553384284
9780061140976
9781400033423
9780441013333
9780385418867
9780441015894
9780805066692
9780679772873
9781416534730
9780007173686
9780552992091
9780142437803
9780061245091
9780375713347
9780385341653
9780553381344
9780441783588
9780441017157
9780061374227
9780743269513
9780006480099
9780140348934
9780340896969
9780765343437
9780340837948
9781590302255
9780310241638
9780152058104
9780099465898
9781857988840
9780307887436
9780553381535
9780380729401
9780446579933
9780064404778
9780141185859
9780425197547
9780486223056
9781250012579
9780452287068
9780061150142
9780615770598
9780451529756
9780307276902
9781933372600
9780446615860
9780743453257
9780060739492
9780763616052
9780553383041
9780141185262
9780385524940
9780375508325
9780393338072
9780140143508
9780552151696
9780446364492
9780061668036
9780553119220
9780446672214
9780312151256
9780803734616
9780451171351
9781594744761
9781842430224
9781936305629
9780060584757
9781442426672
9780553258479
9780316155595
9780786838929
9780679744399
9780140045291
9781439148501
9780440995777
9780385729338
9780670011940
9780061978067
9780452286030
9780061284397
9780316155601
9780451229854
9780671037703
9780307594778
9781842322765
9780670674244
9781595143181
9780385341639
9780552152976
9780684801544
9781881273158
9780446696135
9780425263914
9780312979973
9780099285045
9781569317785
9780553380163
9781590385814
9780140449181
9780671027032
9780679732266
9780670010882
9780142501559
9780525422945
9780425172902
9780446696111
9780062059963
9780345504968
9780307593313
9780743246989
9780385739160
9780439554930
9780375836671
9780061583070
9780140283303
9780373210183
9780446611084
9780743466523
9780670844876
9780385720922
9780312532765
9780061996160
9780440222651
9780312995058
9781420925807
9781461091110
9780743477574
9780399254826
9780752865331
9780345418920
9780811201889
9781580493888
9780439813785
9780440360377
9780060589288
9780060855925
9780307279460
9780375822742
9780143038108
9780312650247
9780141184272
9780316125581
9781862301382
9780385315142
9781903436578
9780385738750
9780375726408
9780802130303
9780545010221
9780525476887
9780805005011
9780141441160
9780143036371
9780330449601
9781480095533
9780439206471
9781416500346
9780226500669
9780399162411
9780060572969
9781476712987
9780671027384
9780446696128
9781423121305
9781423157373
9781416524526
9781401303273
9780786818594
9780451222725
9780399256769
9780802720863
9780760728505
9780060874162
9780143039969
9781402784033
9781844082933
9781846247194
9781594489587
9780963192547
9780385339698
9780743455961
9780679776819
9781573225786
9780684844770
9780394709307
9780373210138
9781848764569
9781400034208
9780545259088
9781842323007
9780425266748
9780553381665
9781416974512
9780739418376
9780060957902
9781423113492
9781595143198
9780394800202
9780316002899
9781581345285
9790007672386
9780385334143
9780060887308
9780142437148
9780446579926
9780061583216
9780553213294
9780062011992
9780061284205
9780441016150
9781406914832
9780385339162
9780312422271
9780340818671
9780553813951
9780586217832