9780060541439
9780385340397
9780060892999
9780060590277
9780345349576
9780099910107
9780385521727
9780375702709
9780486287591
9780552135399
9780575076815
9780064410137
9780006479901
9780141439600
9781400033836
9781594489501
9780385338608
9781842323007
9780307592835
9780842377508
9780446693806
9780345469014
9780440498056
9780060278250
9780192840509
9781602862241
9780060531829
9780141383354
9780689878558
9780060741877
9780517223628
9780451527745
9780345466396
9780449213940
9780312330866
9780441014941
9780007524273
9780670011940
9780345457691
9780099771814
9780525476887
9781594631764
9780446545242
9781409521969
9781409522010
9780007205233
9780062002327
9780425226926
9780140169300
9780060288143
9780452284241
9780345803924
9780451528827
9780452281257
9780689841583
9780060931728
9781442408920
9781585425648
9780006480099
9780446698467
9780061583070
9781564781819
9780525951988
9780375701290
9781402244421
9780743464116
9781563894695
9780930289454
9780553381535
9780064404778
9780061726811
9780062060556
9780451218469
9780399254123
9780385480017
9780679776819
9780803734739
9780439228909
9780451208644
9780143037613
9781456325633
9780425205679
9780738703916
9780515134452
9781599900513
9780312624675
9780307266309
9780671743055
9780060776091
9781905654949
9780805066692
9781599903422
9780425218426
9780451227195
9780684833392
9780439023498
9780802720870
9780743496742
9780064410939
9780060084608
9780446402392
9780441104024
9780812968064
9780385720922
9781400034710
9780425201398
9781416914280
9781442416864
9780670018703
9781841493015
9780684807317
9780446546935
9780451159533
9780440241416
9780689865190
9781619630628
9780441016150
9780060512804
9780307348241
9780099448761
9780385339155
9780451216953
9781847386823
9781849013765
9780307277886
9780553265958
9780061120251
9780316133975
9781423111443
9780679728894
9780060576172
9781421501680
9780671027384
9780440246114
9781423121312
9780679734512
9780679731214
9780060562519
9780062004017
9780143036371
9782266047425
9788467550030
9780553562736
9780156262248
9780679882817
9780393970128
9780140447538
9780991709403
9780385341653
9780441172696
9780425266748
9781400077809
9780060589288
9781416903376
9780375726408
9780765342409
9781582349060
9780425263921
9780689872372
9780060529703
9781423118244
9781440140747
9780007491568
9780812576399
9780525951650
9780394758275
9780451529695
9780679785897
9780552153256
9780689848919
9780802130303
9780393327342
9781573229722
9780312364083
9780061935084
9780451167804
9780312662752
9780375825446
9780060590314
9780006486015
9780060788384
9781401303273
9780545259088
9780316735698
9780316734837
9780439286060
9780062237422
9781844080410
9780670076086
9780441015894
9780861661411
9780744583274
9780385732567
9780925776259
9780440243908
9780140447422
9780312424404
9780679746041
9780451219947
9780394800202
9780525949947
9780060502935
9780553418354
9780446675536
9780141184593
9780749394820
9780451458445
9780143039945
9780886778583
9780679723110
9780061020643
9780141439495
9780152020682
9781400044160
9780983157205
9781741663020
9780451233325
9780439064866
9780545010221
9780439358071
9780439249546
9780786868728
9780451526571
9780849946158
9780316187718
9780345382849
9781423121305
9780679721031
9780385603102
9780141185859
9781908208163
9780486424545
9780872863101
9780441017386
9780553283686
9780061969553
9780060987565
9781423100034
9781416950059
9781475124514
9780006479673
9780060245863
9780061668098
9780099427865
9780061053719
9781594201455
9780679767923
9780375856112
9780553582918
9780553578522
9780385494786
9780156453806
9780553826104
9780553375404
9780060085490
9780140436587
9780345538376
9780451947635
9781567313451
9780142437209
9781842430354
9780978970765
9780553589382
9780446677387
9780425213971
9781595143068
9780679724513
9780451528162
9780738710181
9780345379061
9780879234621
9780451525260
9781847241696
9781416971733
9780770430078
9780345418906
9780425192030
9780553299618
9780375708763
9780545123280
9780060590161
9780743289412
9781841493008
9780525423287
9780316067591
9780671742515
9781551111728
9780812513752
9780060567231
9780140283334
9780060594527
9780440212812
9780375913754
9780451225856
9780451219367
9780451222725
9780451412355
9780451222350
9780449208137
9780553575422
9780441015832
9780441020423
9780441017027
9780586217832
9780006472612
9780525423645
9780991055449
9780141301068
9780393310320
9780316002868
9780739326220
9780374529260
9780765348807
9780060574215
9780446676076
9780140447897
9780553589399
9781559360616
9780811202152
9780765311788
9780142437247
9780312304355
9780441013814
9780552152945
9780803736993
9781400031047
9780752853710
9780060584757
9780575081567
9780060557812
9780805063899
9781907411212
9780312590987
9781401359799
9780552154307
9781416974505
9781416974512
9780375706677
9780679725169
9780440164845
9780375704024
9780380727506
9781933480091
9780553384284
9781580495936
9780142000670
9781250003324
9781400062089
9780141439747
9781405910217
9780743455961
9780374529529
9780312362089
9781569319017
9780006512660
9781423128205
9781620610114
9780385721677
9781423147947
9781407441610
9780061120664
9780061985843
9780062071040
9788497593885
9780802133908
9780670018215
9781423121664
9780007157167
9781416983248
9780375714573
9781416524342
9780786849079
9781933626048
9781581345278
9780140382624
9780345416261
9781937929954
9780425190371
9780060887391
9780679783268
9780007202300
9781599900735
9780060959036
9780399256769
9780876859261
9780373210497
9780451456731
9780060593087
9780781805506
9780006178736
9780140236668
9780316766944
9781606840597
9780449016190
9780385733410
9780525945567
9780553804683
9780765354945
9780593053898
9780062014535
9781423102281
9780413757104
9780751532715
9780575077027
9781841497976
9781582349015
9780743477116
9780140317206
9780440174646
9780451194008
9780006480105
9783401063478
9780345464019
9780312642969
9780060577315
9780743226721
9780670019632
9780805094596
9780812565959
9780312590444
9781903436578
9780553212419
9780006498858
9780385338707
9781416500346
9781595143211
9781842430347
9780385333849
9780553380958
9780451226259
9780142401774
9780380729401
9780140045291
9780765343260
9781400033423
9780375753732
9780441017775
9780316056632
9780689865404
9780609807255
9780385742375
9781906427139
9780778324218
9780553820270
9780758232014
9780440415800
9780316014779
9780684826806
9780446611084
9780446359405
9780060957902
9780552998765
9780440235590
9780007118892
9780446607209
9780399162411
9780142437179
9780679729525
9781593081430
9780061122415
9780812976144
9780060012342
9780552150217
9780060541811
9780441004010
9781423128199
9781423108368
9780543898081
9780439206471
9780786818594
9780399244575
9781573226523
9780394758282
9780446612739
9780575079793
9780140178210
9780553280517
9780441068807
9780451188458
9780345457370
9780060932145
9780743298858
9781939383655
9780375831003
9780752864327
9781594489587
9780006513223
9780553378498
9780446611237
9780439227148
9780192835147
9780316228534
9780316769174
9780440229124
9780061671333
9780007246229
9780375829871
9781416594857
9780066238500
9780099470472
9781573225786
9780140446043
9780517092910
9780375714832
9780192833723
9781841156736
9780684815008
9780060548254
9780316206846
9780007133611
9780307277671
9780385738590
9781416524526
9781423157373
9780553266306
9780812967128
9780451220899
9780451155757
9780385738774
9780345409461
9780060527990
9780307275554
9780679433132
9780375701214
9781423110705
9780756402693
9780451210852
9781480095533
9780375727016
9780393327656
9780099478447
9780375700811
9780061007224
9780751504576
9780007302147
9780679720225
9781461052142
9780525478812
9781595143204
9780552154222
9780722536544
9780380710812
9781416989400
9780060510862
9780330449601
9780670021451
9781878424501
9780099478331
9780307269751
9780752876870
9781453717028
9780140432350
9780316055437
9781616635596
9780060933166
9780380809066
9780812517729
9780060007768
9780143039983
9780399155345
9781423163008
9781841493152
9780140449082
9780345368584
9780310902713
9781405206129
9781423146728
9781844082933
9780689852237
9780393924763
9780439023481
9780440539810
9780373210510
9780007148981
9781595143198
9780373210183
9781423140566
9780060835774
9781406310252
9780007202324
9780060507770
9780684852560
9780060512743
9780441007318
9781451681734
9780060529963
9780553271362
9780374529536
9780316166683
9780446579933
9780061345661
9780061869709
9780679772873
9780316037884
9781841493138
9780670020553
9780553381641
9780679740674
9780060725112
9780060724696
9780618492398
9780330353823
9780743437318
9780062515674
9780375757853
9780099592419
9780618485222
9780312291631
9780143039839
9781400034772
9781841493145
9780143039952
9780140437423
9781594200823
9780007466719
9780060788704
9780140385724
9780802135223
9780385339704
9780375751516
9780486426754
9780451207142
9780805005011
9780140150742
9780141439631
9780142437308
9780385418867
9781577314806
9780553381542
9780345418265
9780060841829
9780345419620
9780226743400
9780486290720
9780545424936
9781400034208
9781841497129
9780689877797
9780312353766
9780446696128
9780375757181
9780553381351
9780395957752
9780060775827
9780385339698
9780006174431
9780312270827
9780374191481
9780385738750
9780517189603
9780393972856
9780062059932
9780199291151
9781423140573
9780812513738
9780141023427
9780142500477
9780385729338
9780803734951
9780679732242
9780449912553
9780670844876
9780679879251
9780007162499
9780345363138
9780553817065
9780385730303
9780007263493
9780763625290
9780375507779
9780743477574
9780007208005
9780060177249
9780767902892
9781400065455
9780099483502
9780785289081
9781439198780
9780872205543
9780380714759
9780064408677
9780413771162
9780060575809
9780553381665
9780345434807
9780061140976
9780345503800
9780440228004
9780156949606
9780316033671
9780553585971
9780765316882
9780316952668
9780440995777
9780007251865
9780689878589
9780062300805
9780689846236
9780486298573
9781846247194
9780061120060
9780060987510
9781585424337
9780451190758
9781416983088
9781585678440
9781595141712
9780802136688
9780684843780
9780156031660
9780143038252
9781599906959
9781402784033
9780743457903
9781573227889
9780684859231
9780061120084
9780747267638
9780582461505
9780446696517
9781585673698
9780743482776
9788498000832
9780425194850
9781439148501
9780330369954
9780062085535
9780060093365
9781499227291
9781423102267
9780061124266
9781595143426
9780691096124
9780451418333
9781623420024
9780316954990
9780060525590
9780060525613
9780060525651
9780060525859
9780060744571
9780060858797
9781565125605
9780007117147
9780385333504
9780679723059
9780099408390
9780140283303
9780061138010
9780091883768
9780803733565
9780192839770
9780156031196
9780670011100
9780446699488
9780140434781
9780007230204
9780679744474
9780393978896
9780061020667
9780312861872
9780060589462
9780571203130